16
protopterus       0.0000000 0.5183595 0.4598645 0.5076065 0.4891103 0.5232264 0.4633029 0.5513920 0.3621133 0.4405491 0.4998346 0.4414455 0.3679825 0.4052966 0.3826422 0.5125927 
Anolis            0.5183595 0.0000000 0.3134292 0.4251760 0.4295112 0.4273569 0.3194073 0.5955913 0.2993413 0.3042049 0.3025120 0.3101107 0.2510237 0.1869835 0.2569340 0.1457771 
Gallus            0.4598645 0.3134292 0.0000000 0.3560423 0.3666290 0.3523218 0.1151757 0.5623020 0.1692224 0.2171599 0.2090424 0.2059330 0.1860715 0.3104973 0.1795282 0.2696281 
Homo              0.5076065 0.4251760 0.3560423 0.0000000 0.2291723 0.2780147 0.3493907 0.5867593 0.2616644 0.3330285 0.3280220 0.3810341 0.3017469 0.3685785 0.2548379 0.4146516 
Monodelphis       0.4891103 0.4295112 0.3666290 0.2291723 0.0000000 0.2903637 0.3698734 0.5998079 0.2722405 0.3310297 0.3515348 0.3652820 0.2996107 0.3908137 0.2490310 0.4113881 
Ornithorhynchus   0.5232264 0.4273569 0.3523218 0.2780147 0.2903637 0.0000000 0.3535327 0.6266881 0.2984053 0.3448723 0.3502671 0.3901339 0.2928188 0.3430591 0.3035784 0.3837980 
Taeniopygia       0.4633029 0.3194073 0.1151757 0.3493907 0.3698734 0.3535327 0.0000000 0.5688080 0.1990496 0.2446683 0.2366935 0.2162188 0.1960213 0.3106604 0.2040690 0.2770279 
Xenopus           0.5513920 0.5955913 0.5623020 0.5867593 0.5998079 0.6266881 0.5688080 0.0000000 0.5136099 0.5961212 0.5922830 0.5837854 0.4909338 0.5750095 0.4819118 0.5019695 
alligator         0.3621133 0.2993413 0.1692224 0.2616644 0.2722405 0.2984053 0.1990496 0.5136099 0.0000000 0.1300543 0.1374569 0.0128682 0.1217623 0.2646386 0.1255599 0.2049852 
emys_orbicularis  0.4405491 0.3042049 0.2171599 0.3330285 0.3310297 0.3448723 0.2446683 0.5961212 0.1300543 0.0000000 0.0520565 0.1591064 0.0204579 0.2143130 0.0189378 0.1926128 
phrynops          0.4998346 0.3025120 0.2090424 0.3280220 0.3515348 0.3502671 0.2366935 0.5922830 0.1374569 0.0520565 0.0000000 0.1501487 0.0465293 0.2422036 0.0506337 0.2061496 
caiman            0.4414455 0.3101107 0.2059330 0.3810341 0.3652820 0.3901339 0.2162188 0.5837854 0.0128682 0.1591064 0.1501487 0.0000000 0.1459006 0.2823977 0.1344252 0.2614094 
caretta           0.3679825 0.2510237 0.1860715 0.3017469 0.2996107 0.2928188 0.1960213 0.4909338 0.1217623 0.0204579 0.0465293 0.1459006 0.0000000 0.2341369 0.0236797 0.1987107 
python            0.4052966 0.1869835 0.3104973 0.3685785 0.3908137 0.3430591 0.3106604 0.5750095 0.2646386 0.2143130 0.2422036 0.2823977 0.2341369 0.0000000 0.2348260 0.1498356 
chelonoidis_nigra 0.3826422 0.2569340 0.1795282 0.2548379 0.2490310 0.3035784 0.2040690 0.4819118 0.1255599 0.0189378 0.0506337 0.1344252 0.0236797 0.2348260 0.0000000 0.2066259 
podarcis          0.5125927 0.1457771 0.2696281 0.4146516 0.4113881 0.3837980 0.2770279 0.5019695 0.2049852 0.1926128 0.2061496 0.2614094 0.1987107 0.1498356 0.2066259 0.0000000 
